0 0.1 0.0 0.1
1 0.1 0.0017455064928217586 0.10001523280439077
2 0.1 0.003492076949174773 0.10006095442988219
3 0.1 0.005240777928304121 0.10013723459979211
4 0.1 0.006992681194351041 0.10024418980811722
5 0.1 0.0087488663525924 0.10038198375433474
6 0.9514364454222585 0.1 0.9566772233505626
7 0.8144346427974594 0.1 0.8205509048125078
8 0.7115369722384208 0.1 0.7185296534327719
9 0.6313751514675044 0.1 0.6392453221499663
10 0.567128181961771 0.1 0.5758770483143634
11 0.5144554015970311 0.1 0.5240843064167849
12 0.4704630109478455 0.1 0.48097343447441315
13 0.4331475874284156 0.1 0.44454114825858015
14 0.4010780933535845 0.1 0.41335654944387495
15 0.3732050807568878 0.1 0.3863703305156274
16 0.34874144438409094 0.1 0.36279552785433006
17 0.3270852618484141 0.1 0.34203036198332687
18 0.3077683537175254 0.1 0.323606797749979
19 0.2904210877675823 0.1 0.30715534867572425
20 0.27474774194546225 0.1 0.29238044001630875
21 0.2605089064693802 0.1 0.2790428109625336
22 0.2475086853416296 0.1 0.26694671625540145
23 0.2355852365823753 0.1 0.2559304665247452
24 0.2246036773904216 0.10000000000000002 0.24585933355742384
25 0.2144506920509559 0.1 0.2366201583152499
26 0.20503038415792962 0.1 0.22811720327048593
27 0.19626105055051507 0.1 0.2202689264585267
28 0.18807264653463318 0.1 0.21300544681895126
29 0.1804047755271424 0.1 0.20626653396273142
30 0.17320508075688773 0.1 0.2
31 0.1664279482350518 0.1 0.19416040264103565
32 0.16003345290410506 0.1 0.18870799147998585
33 0.15398649638145828 0.1 0.18360784587766632
34 0.148256096851274 0.1 0.17882916499714005
35 0.14281480067421148 0.1 0.17434467956210983
36 0.13763819204711736 0.1 0.170130161670408
37 0.132704482162041 0.1 0.16616401411224832
38 0.12799416321930787 0.1 0.1624269245482744
39 0.12348971565350518 0.10000000000000002 0.15890157290657497
40 0.11917535925942101 0.1 0.15557238268604126
41 0.11503684072210096 0.10000000000000002 0.15242530867058143
42 0.1110612514829193 0.1 0.1494476549864609
43 0.10723687100246826 0.1 0.14662791856396248
44 0.10355303137905697 0.1 0.14395565396257265
45 0.10000000000000002 0.1 0.14142135623730953
46 0.0965688774807074 0.1 0.13901635910166787
47 0.09325150861376616 0.1 0.13673274610985953
48 0.09004040442978399 0.1 0.1345632729606376
49 0.08692867378162268 0.1 0.13250129933488117
50 0.08390996311772801 0.1 0.13054072893322788
51 0.08097840331950072 0.1 0.12867595658931674
52 0.07812856265067175 0.1 0.1269018215072579
53 0.07535540501027943 0.1 0.12521356581562257
54 0.0726542528005361 0.1 0.12360679774997899
55 0.07002075382097099 0.1 0.12207745887614563
56 0.06745085168424267 0.1 0.12062179485039054
57 0.06494075931975106 0.1 0.11923632928359476
58 0.06248693519093275 0.10000000000000002 0.11791784033620965
59 0.06008606190275603 0.1 0.11666333972153305
60 0.057735026918962595 0.1 0.11547005383792518
61 0.055430905145276904 0.09999999999999999 0.11433540678733199
62 0.053170943166147885 0.1 0.11325700506890393
63 0.05095254494944289 0.1 0.1122326237634361
64 0.048773258856586156 0.10000000000000002 0.11126019404751891
65 0.04663076581549986 0.1 0.11033779189624918
66 0.04452286853085361 0.1 0.10946362785060468
67 0.04244748162096047 0.1 0.10863603774052963
68 0.04040262258351567 0.1 0.10785347426775835
69 0.0383864035035416 0.1 0.10711449936370292
70 0.03639702342662025 0.1 0.10641777724759123
71 0.034432761328966534 0.1 0.10576206811866708
72 0.032491969623290644 0.1 0.10514622242382674
73 0.03057306814586604 0.1 0.1045691756487148
74 0.028674538575880797 0.10000000000000002 0.10402994358616023
75 0.02679491924311227 0.10000000000000002 0.10352761804100832
76 0.024932800284318064 0.1 0.10306136293498981
77 0.023086819112556303 0.1 0.10263041077933917
78 0.021255656167002226 0.1 0.10223405948650294
79 0.01943803091377186 0.1 0.10187166949552144
80 0.017632698070846508 0.1 0.10154266118857451
81 0.015838444032453634 0.1 0.10124651257880031
82 0.01405408347023915 0.10000000000000002 0.10098275725186183
83 0.012278456090290461 0.1 0.10075098254588484
84 0.010510423526567643 0.1 0.10055082795635166
85 0.008748866352592397 0.1 0.10038198375433474
86 0.006992681194351035 0.1 0.10024418980811722
87 0.005240777928304134 0.1 0.10013723459979211
88 0.0034920769491747837 0.09999999999999999 0.10006095442988217
89 0.0017455064928217673 0.1 0.10001523280439079
90 0 .1 .1
91 -0.0017455064928217673 0.1 0.10001523280439079
92 -0.0034920769491747837 0.09999999999999999 0.10006095442988217
93 -0.005240777928304134 0.1 0.10013723459979211
94 -0.006992681194351035 0.1 0.10024418980811722
95 -0.008748866352592397 0.1 0.10038198375433474
96 -0.010510423526567643 0.1 0.10055082795635166
97 -0.012278456090290461 0.1 0.10075098254588484
98 -0.01405408347023915 0.10000000000000002 0.10098275725186183
99 -0.015838444032453634 0.1 0.10124651257880031
100 -0.017632698070846508 0.1 0.10154266118857451
101 -0.01943803091377186 0.1 0.10187166949552144
102 -0.021255656167002226 0.1 0.10223405948650294
103 -0.023086819112556303 0.1 0.10263041077933917
104 -0.024932800284318064 0.1 0.10306136293498981
105 -0.02679491924311227 0.10000000000000002 0.10352761804100832
106 -0.028674538575880797 0.10000000000000002 0.10402994358616023
107 -0.03057306814586604 0.1 0.1045691756487148
108 -0.032491969623290644 0.1 0.10514622242382674
109 -0.034432761328966534 0.1 0.10576206811866708
110 -0.03639702342662025 0.1 0.10641777724759123
111 -0.0383864035035416 0.1 0.10711449936370292
112 -0.04040262258351567 0.1 0.10785347426775835
113 -0.04244748162096047 0.1 0.10863603774052963
114 -0.04452286853085361 0.1 0.10946362785060468
115 -0.04663076581549986 0.1 0.11033779189624918
116 -0.048773258856586156 0.10000000000000002 0.11126019404751891
117 -0.05095254494944289 0.1 0.1122326237634361
118 -0.053170943166147885 0.1 0.11325700506890393
119 -0.055430905145276904 0.09999999999999999 0.11433540678733199
120 -0.057735026918962595 0.1 0.11547005383792518
121 -0.06008606190275603 0.1 0.11666333972153305
122 -0.06248693519093275 0.10000000000000002 0.11791784033620965
123 -0.06494075931975106 0.1 0.11923632928359476
124 -0.06745085168424267 0.1 0.12062179485039054
125 -0.07002075382097099 0.1 0.12207745887614563
126 -0.0726542528005361 0.1 0.12360679774997899
127 -0.07535540501027943 0.1 0.12521356581562257
128 -0.07812856265067175 0.1 0.1269018215072579
129 -0.08097840331950072 0.1 0.12867595658931674
130 -0.08390996311772801 0.1 0.13054072893322788
131 -0.08692867378162268 0.1 0.13250129933488117
132 -0.09004040442978399 0.1 0.1345632729606376
133 -0.09325150861376616 0.1 0.13673274610985953
134 -0.0965688774807074 0.1 0.13901635910166787
135 -0.10000000000000002 0.1 0.14142135623730953
136 -0.10355303137905697 0.1 0.14395565396257265
137 -0.10723687100246826 0.1 0.14662791856396248
138 -0.1110612514829193 0.1 0.1494476549864609
139 -0.11503684072210096 0.10000000000000002 0.15242530867058143
140 -0.11917535925942101 0.1 0.15557238268604126
141 -0.12348971565350518 0.10000000000000002 0.15890157290657497
142 -0.12799416321930787 0.1 0.1624269245482744
143 -0.132704482162041 0.1 0.16616401411224832
144 -0.13763819204711736 0.1 0.170130161670408
145 -0.14281480067421148 0.1 0.17434467956210983
146 -0.148256096851274 0.1 0.17882916499714005
147 -0.15398649638145828 0.1 0.18360784587766632
148 -0.16003345290410506 0.1 0.18870799147998585
149 -0.1664279482350518 0.1 0.19416040264103565
150 -0.17320508075688773 0.1 0.2
151 -0.1804047755271424 0.1 0.20626653396273142
152 -0.18807264653463318 0.1 0.21300544681895126
153 -0.19626105055051507 0.1 0.2202689264585267
154 -0.20503038415792962 0.1 0.22811720327048593
155 -0.2144506920509559 0.1 0.2366201583152499
156 -0.2246036773904216 0.10000000000000002 0.24585933355742384
157 -0.2355852365823753 0.1 0.2559304665247452
158 -0.2475086853416296 0.1 0.26694671625540145
159 -0.2605089064693802 0.1 0.2790428109625336
160 -0.27474774194546225 0.1 0.29238044001630875
161 -0.2904210877675823 0.1 0.30715534867572425
162 -0.3077683537175254 0.1 0.323606797749979
163 -0.3270852618484141 0.1 0.34203036198332687
164 -0.34874144438409094 0.1 0.36279552785433006
165 -0.3732050807568878 0.1 0.3863703305156274
166 -0.4010780933535845 0.1 0.41335654944387495
167 -0.4331475874284156 0.1 0.44454114825858015
168 -0.4704630109478455 0.1 0.48097343447441315
169 -0.5144554015970311 0.1 0.5240843064167849
170 -0.567128181961771 0.1 0.5758770483143634
171 -0.6313751514675044 0.1 0.6392453221499663
172 -0.7115369722384208 0.1 0.7185296534327719
173 -0.8144346427974594 0.1 0.8205509048125078
174 -0.9514364454222585 0.1 0.9566772233505626
175 -0.1 0.0087488663525924 0.10038198375433474
176 -0.1 0.006992681194351041 0.10024418980811722
177 -0.1 0.005240777928304121 0.10013723459979211
178 -0.1 0.003492076949174773 0.10006095442988219
179 -0.1 0.0017455064928217586 0.10001523280439077
180 -.1 0 .1
181 -0.1 -0.0017455064928217586 0.10001523280439079
182 -0.1 -0.003492076949174773 0.10006095442988217
183 -0.1 -0.005240777928304121 0.10013723459979211
184 -0.1 -0.006992681194351041 0.10024418980811722
185 -0.1 -0.0087488663525924 0.10038198375433474
186 -0.9514364454222585 -0.1 0.10055082795635166
187 -0.8144346427974594 -0.1 0.10075098254588484
188 -0.7115369722384208 -0.1 0.10098275725186183
189 -0.6313751514675044 -0.1 0.10124651257880031
190 -0.567128181961771 -0.1 0.10154266118857451
191 -0.5144554015970311 -0.1 0.10187166949552144
192 -0.4704630109478455 -0.1 0.10223405948650294
193 -0.4331475874284156 -0.1 0.10263041077933917
194 -0.4010780933535845 -0.1 0.10306136293498981
195 -0.3732050807568878 -0.1 0.10352761804100832
196 -0.34874144438409094 -0.1 0.10402994358616023
197 -0.3270852618484141 -0.1 0.1045691756487148
198 -0.3077683537175254 -0.1 0.10514622242382674
199 -0.2904210877675823 -0.1 0.10576206811866708
200 -0.27474774194546225 -0.1 0.10641777724759123
201 -0.2605089064693802 -0.1 0.10711449936370292
202 -0.2475086853416296 -0.1 0.10785347426775835
203 -0.2355852365823753 -0.1 0.10863603774052963
204 -0.2246036773904216 -0.10000000000000002 0.10946362785060468
205 -0.2144506920509559 -0.1 0.11033779189624918
206 -0.20503038415792962 -0.1 0.11126019404751891
207 -0.19626105055051507 -0.1 0.1122326237634361
208 -0.18807264653463318 -0.1 0.11325700506890393
209 -0.1804047755271424 -0.1 0.11433540678733199
210 -0.17320508075688773 -0.1 0.11547005383792518
211 -0.1664279482350518 -0.1 0.11666333972153305
212 -0.16003345290410506 -0.1 0.11791784033620965
213 -0.15398649638145828 -0.1 0.11923632928359476
214 -0.148256096851274 -0.1 0.12062179485039054
215 -0.14281480067421148 -0.1 0.12207745887614563
216 -0.13763819204711736 -0.1 0.12360679774997899
217 -0.132704482162041 -0.1 0.12521356581562257
218 -0.12799416321930787 -0.1 0.1269018215072579
219 -0.12348971565350518 -0.10000000000000002 0.12867595658931674
220 -0.11917535925942101 -0.1 0.13054072893322788
221 -0.11503684072210096 -0.10000000000000002 0.13250129933488117
222 -0.1110612514829193 -0.1 0.1345632729606376
223 -0.10723687100246826 -0.1 0.13673274610985953
224 -0.10355303137905697 -0.1 0.13901635910166787
225 -0.10000000000000002 -0.1 0.14142135623730953
226 -0.0965688774807074 -0.1 0.14395565396257265
227 -0.09325150861376616 -0.1 0.14662791856396248
228 -0.09004040442978399 -0.1 0.1494476549864609
229 -0.08692867378162268 -0.1 0.15242530867058143
230 -0.08390996311772801 -0.1 0.15557238268604126
231 -0.08097840331950072 -0.1 0.15890157290657497
232 -0.07812856265067175 -0.1 0.1624269245482744
233 -0.07535540501027943 -0.1 0.16616401411224832
234 -0.0726542528005361 -0.1 0.170130161670408
235 -0.07002075382097099 -0.1 0.17434467956210983
236 -0.06745085168424267 -0.1 0.17882916499714005
237 -0.06494075931975106 -0.1 0.18360784587766632
238 -0.06248693519093275 -0.10000000000000002 0.18870799147998585
239 -0.06008606190275603 -0.1 0.19416040264103565
240 -0.057735026918962595 -0.1 0.2
241 -0.055430905145276904 -0.09999999999999999 0.20626653396273142
242 -0.053170943166147885 -0.1 0.21300544681895126
243 -0.05095254494944289 -0.1 0.2202689264585267
244 -0.048773258856586156 -0.10000000000000002 0.22811720327048593
245 -0.04663076581549986 -0.1 0.2366201583152499
246 -0.04452286853085361 -0.1 0.24585933355742384
247 -0.04244748162096047 -0.1 0.2559304665247452
248 -0.04040262258351567 -0.1 0.26694671625540145
249 -0.0383864035035416 -0.1 0.2790428109625336
250 -0.03639702342662025 -0.1 0.29238044001630875
251 -0.034432761328966534 -0.1 0.30715534867572425
252 -0.032491969623290644 -0.1 0.323606797749979
253 -0.03057306814586604 -0.1 0.34203036198332687
254 -0.028674538575880797 -0.10000000000000002 0.36279552785433006
255 -0.02679491924311227 -0.10000000000000002 0.3863703305156274
256 -0.024932800284318064 -0.1 0.41335654944387495
257 -0.023086819112556303 -0.1 0.44454114825858015
258 -0.021255656167002226 -0.1 0.48097343447441315
259 -0.01943803091377186 -0.1 0.5240843064167849
260 -0.017632698070846508 -0.1 0.5758770483143634
261 -0.015838444032453634 -0.1 0.6392453221499663
262 -0.01405408347023915 -0.10000000000000002 0.7185296534327719
263 -0.012278456090290461 -0.1 0.8205509048125078
264 -0.010510423526567643 -0.1 0.9566772233505626
265 -0.008748866352592397 -0.1 0.10038198375433474
266 -0.006992681194351035 -0.1 0.10024418980811722
267 -0.005240777928304134 -0.1 0.10013723459979211
268 -0.0034920769491747837 -0.09999999999999999 0.10006095442988219
269 -0.0017455064928217673 -0.1 0.10001523280439077
270 0 -.1 .1
271 0.0017455064928217673 -0.1 0.10001523280439079
272 0.0034920769491747837 -0.09999999999999999 0.10006095442988217
273 0.005240777928304134 -0.1 0.10013723459979211
274 0.006992681194351035 -0.1 0.10024418980811722
275 0.008748866352592397 -0.1 0.10038198375433474
276 0.010510423526567643 -0.1 0.10055082795635166
277 0.012278456090290461 -0.1 0.10075098254588484
278 0.01405408347023915 -0.10000000000000002 0.10098275725186183
279 0.015838444032453634 -0.1 0.10124651257880031
280 0.017632698070846508 -0.1 0.10154266118857451
281 0.01943803091377186 -0.1 0.10187166949552144
282 0.021255656167002226 -0.1 0.10223405948650294
283 0.023086819112556303 -0.1 0.10263041077933917
284 0.024932800284318064 -0.1 0.10306136293498981
285 0.02679491924311227 -0.10000000000000002 0.10352761804100832
286 0.028674538575880797 -0.10000000000000002 0.10402994358616023
287 0.03057306814586604 -0.1 0.1045691756487148
288 0.032491969623290644 -0.1 0.10514622242382674
289 0.034432761328966534 -0.1 0.10576206811866708
290 0.03639702342662025 -0.1 0.10641777724759123
291 0.0383864035035416 -0.1 0.10711449936370292
292 0.04040262258351567 -0.1 0.10785347426775835
293 0.04244748162096047 -0.1 0.10863603774052963
294 0.04452286853085361 -0.1 0.10946362785060468
295 0.04663076581549986 -0.1 0.11033779189624918
296 0.048773258856586156 -0.10000000000000002 0.11126019404751891
297 0.05095254494944289 -0.1 0.1122326237634361
298 0.053170943166147885 -0.1 0.11325700506890393
299 0.055430905145276904 -0.09999999999999999 0.11433540678733199
300 0.057735026918962595 -0.1 0.11547005383792518
301 0.06008606190275603 -0.1 0.11666333972153305
302 0.06248693519093275 -0.10000000000000002 0.11791784033620965
303 0.06494075931975106 -0.1 0.11923632928359476
304 0.06745085168424267 -0.1 0.12062179485039054
305 0.07002075382097099 -0.1 0.12207745887614563
306 0.0726542528005361 -0.1 0.12360679774997899
307 0.07535540501027943 -0.1 0.12521356581562257
308 0.07812856265067175 -0.1 0.1269018215072579
309 0.08097840331950072 -0.1 0.12867595658931674
310 0.08390996311772801 -0.1 0.13054072893322788
311 0.08692867378162268 -0.1 0.13250129933488117
312 0.09004040442978399 -0.1 0.1345632729606376
313 0.09325150861376616 -0.1 0.13673274610985953
314 0.0965688774807074 -0.1 0.13901635910166787
315 0.10000000000000002 -0.1 0.14142135623730953
316 0.10355303137905697 -0.1 0.14395565396257265
317 0.10723687100246826 -0.1 0.14662791856396248
318 0.1110612514829193 -0.1 0.1494476549864609
319 0.11503684072210096 -0.10000000000000002 0.15242530867058143
320 0.11917535925942101 -0.1 0.15557238268604126
321 0.12348971565350518 -0.10000000000000002 0.15890157290657497
322 0.12799416321930787 -0.1 0.1624269245482744
323 0.132704482162041 -0.1 0.16616401411224832
324 0.13763819204711736 -0.1 0.170130161670408
325 0.14281480067421148 -0.1 0.17434467956210983
326 0.148256096851274 -0.1 0.17882916499714005
327 0.15398649638145828 -0.1 0.18360784587766632
328 0.16003345290410506 -0.1 0.18870799147998585
329 0.1664279482350518 -0.1 0.19416040264103565
330 0.17320508075688773 -0.1 0.2
331 0.1804047755271424 -0.1 0.20626653396273142
332 0.18807264653463318 -0.1 0.21300544681895126
333 0.19626105055051507 -0.1 0.2202689264585267
334 0.20503038415792962 -0.1 0.22811720327048593
335 0.2144506920509559 -0.1 0.2366201583152499
336 0.2246036773904216 -0.10000000000000002 0.24585933355742384
337 0.2355852365823753 -0.1 0.2559304665247452
338 0.2475086853416296 -0.1 0.26694671625540145
339 0.2605089064693802 -0.1 0.2790428109625336
340 0.27474774194546225 -0.1 0.29238044001630875
341 0.2904210877675823 -0.1 0.30715534867572425
342 0.3077683537175254 -0.1 0.323606797749979
343 0.3270852618484141 -0.1 0.34203036198332687
344 0.34874144438409094 -0.1 0.36279552785433006
345 0.3732050807568878 -0.1 0.3863703305156274
346 0.4010780933535845 -0.1 0.41335654944387495
347 0.4331475874284156 -0.1 0.44454114825858015
348 0.4704630109478455 -0.1 0.48097343447441315
349 0.5144554015970311 -0.1 0.5240843064167849
350 0.567128181961771 -0.1 0.5758770483143634
351 0.6313751514675044 -0.1 0.6392453221499663
352 0.7115369722384208 -0.1 0.7185296534327719
353 0.8144346427974594 -0.1 0.8205509048125078
354 0.9514364454222585 -0.1 0.9566772233505626
355 0.1 -0.0087488663525924 0.10038198375433474
356 0.1 -0.006992681194351041 0.10024418980811722
357 0.1 -0.005240777928304121 0.10013723459979211
358 0.1 -0.003492076949174773 0.10006095442988219
359 0.1 -0.0017455064928217586 0.10001523280439077
